RELAXED (no rest requirement, window 1000)
logs 1030, base hits 190995, episodes 348258, observed 55305 (the pill fired at least twice in the window, or once within 110 ticks of an earlier fire)

=== by the pill's relation to the hit base ===
same owner               observed  11074  angry   8179   73.9%
allied owners            observed   8970  angry   6604   73.6%
hostile                  observed  25219  angry  14313   56.8%
pill neutral/departed    observed  10042  angry   4102   40.8%
base neutral/departed    observed      0  angry      0      -

=== allied pills by squared distance to the base (squares²), hostile pills alongside as the control ===
  d²      d   observed  angry   frac   | hostile observed angry   frac
   1   1.00      1257   1232   98.0%  |      207   154   74.4%
   2   1.41       275    271   98.5%  |      135   110   81.5%
   4   2.00       160    157   98.1%  |      108    87   80.6%
   5   2.24       301    294   97.7%  |      227   176   77.5%
   8   2.83       170    166   97.6%  |       95    63   66.3%
   9   3.00       168    162   96.4%  |      136   105   77.2%
  10   3.16       259    254   98.1%  |      196   146   74.5%
  13   3.61       320    312   97.5%  |      198   132   66.7%
  16   4.00       182    177   97.3%  |      114    84   73.7%
  17   4.12       283    274   96.8%  |      182   131   72.0%
  18   4.24       165    161   97.6%  |      109    68   62.4%
  20   4.47       330    322   97.6%  |      214   144   67.3%
  25   5.00       520    507   97.5%  |      315   229   72.7%
  26   5.10       316    304   96.2%  |      210   144   68.6%
  29   5.39       338    332   98.2%  |      190   126   66.3%
  32   5.66       161    158   98.1%  |      107    71   66.4%
  34   5.83       314    309   98.4%  |      203   139   68.5%
  36   6.00       180    175   97.2%  |      118    83   70.3%
  37   6.08       386    381   98.7%  |      212   144   67.9%
  40   6.32       331    316   95.5%  |      194   126   64.9%
  41   6.40       341    334   97.9%  |      166   102   61.4%
  45   6.71       323    317   98.1%  |      185   134   72.4%
  49   7.00       111     61   55.0%  |      101    65   64.4%
  50   7.07       340    202   59.4%  |      240   152   63.3%
  52   7.21       168    104   61.9%  |      132    79   59.8%
  53   7.28       164    100   61.0%  |      185   113   61.1%
  58   7.62       136     78   57.4%  |      145    91   62.8%
  61   7.81       168     89   53.0%  |      160    88   55.0%
  64   8.00        86     47   54.7%  |       75    45   60.0%
  65   8.06       292    160   54.8%  |      260   156   60.0%
  68   8.25        98     60   61.2%  |      119    78   65.5%
  72   8.49        83     37   44.6%  |       84    43   51.2%
  73   8.54       102     59   57.8%  |      115    68   59.1%
  74   8.60       121     59   48.8%  |      109    64   58.7%
  80   8.94       113     68   60.2%  |      128    79   61.7%
  81   9.00        44     18   40.9%  |       74    42   56.8%
  82   9.06       103     59   57.3%  |      110    65   59.1%
  85   9.22       234    126   53.8%  |      253   146   57.7%
  89   9.43       123     77   62.6%  |      115    77   67.0%
  90   9.49        97     44   45.4%  |       99    62   62.6%
  97   9.85        88     44   50.0%  |      107    60   56.1%
  98   9.90        45     24   53.3%  |       59    30   50.8%
 100  10.00       151     92   60.9%  |      169    81   47.9%
>100            10097   6260   62.0%  |    18559  9931   53.5%

=== allied pills, |dx| across and |dy| down: angry/observed ===
            0       1       2       3       4       5       6       7       8       9      10
   0        . 702/718   70/70   81/83  98/102   81/82   85/86   24/49   24/44    8/25   10/22
   1  530/539 271/275 163/167 126/129 129/132 167/171 208/212  74/119   42/70   26/50   20/39
   2    87/90 131/134 166/170 171/175 174/176 178/180 172/180   51/86   25/40   27/45   24/44
   3    81/85 128/130 141/145 161/165 167/172 169/170 169/172   36/65   24/50   25/57   20/47
   4    79/80 145/151 148/154 176/179 158/161 186/190   40/72   38/66   23/50   16/27   20/39
   5    83/87 137/145 154/158 140/144 148/151   45/84   43/85   28/62   45/71   26/45   14/32
   6    90/94 173/174 144/151 148/151   64/96   46/83   37/83   30/58   39/56   17/34   13/29
   7    37/62  83/137   49/78   42/71   38/74   31/59   37/79   24/45   25/55   18/41   13/31
   8    23/42   42/82   35/58   35/52   45/63   32/52   27/48   20/45   27/35   11/30   10/18
   9    10/19   33/53   32/52   19/40   28/61   16/39   12/26   22/41   23/36   12/16    7/14
  10    16/25   29/47   19/38   30/49   20/34   21/41   20/35   12/22   22/41   16/28   10/17

=== the circle d² < 49: inside 6915/7080 angry, outside 7868/12964 ===

=== inside the circle: smallest fire gap after the hit, by base hits in the episode ===
1 hit: 1965 cases, median 15; 0 0 0 0 0 0 0 0 0 0 0 0 0 0 0 0 0 0 0 0 0 0 0 0 0 0 0 0 0 0 0 0 0 0 0 0 0 0 0 0 0 0 0 0 0 0 0 0 0 0 0 0 0 0 0 0 0 0 0 0 0 0 0 0 0 0 0 0 0 0 0 0 0 0 0 0 0 0 0 0 0 0 0 0 0 0 0 0 0 0 0 0 0 0 0 0 0 0 0 0 0 0 0 0 0 0 0 0 0 0 0 0 0 0 0 0 0 0 0 0 0 0 0 0 0 0 0 0 0 0 0 0 0 0 0 0 0 0 0 0 0 0 0 0 0 0 0 0 0 0 0 0 0 0 0 0 0 0 0 0 0 0 0 0 0 0 0 0 0 0 0 0 0 0 0 0 0 0 0 0 0 0 0 0 0 0 0 0 0 0 0 0 0 0 0 0 0 0 0 0 0 0 0 0 0 0 0 0 0 0 0 0 0 0 0 0 0 0 0 0 0 0 0 0 0 0 0 0 0 0 0 0 0 0 0 0 0 0 0 0 0 0 0 0 0 0 0 0 0 0 0 0 0 0 0 0 0 0 0 0 0 0 0 0 0 0 0 0 0 0 0 0 0 0 0 0 0 0 0 0 0 0 0 0 0 0 0 0 0 0 0 0 0 0 0 0 0 0 0 0 0 0 0 0 0 0 0 0 0 0 0 0 0 0 0 0 0 0 0 0 0 0 0 0 0 0 0 0 0 0 0 0 0 0 0 0 0 0 0 0 0 0 0 0 0 0 0 0 0 0 0 0 0 0 0 0 0 0 0 0 0 0 0 0 0 0 0 0 0 0 0 0 0 0 0 0 0 0 0 0 0 0 0 0 0 0 0 0 0 0 0 0 0 0 0 0 0 0 0 0 0 0 0 0 0 0 0 0 0 0 0 0 0 0 0 0 0 0 0 0 0 0 0 0 0 0 0 0 0 0 0 0 0 0 0 0 0 0 0 0 0 0 0 0 0 0 0 0 0 0 0 0 0 0 0 0 0 0 0 0 0 0 0 0 0 0 0 0 0 0 0 0 0 0 0 0 0 0 0 0 0 0 0 0 0 0 0 0 0 0 0 0 0 0 0 0 0 0 0 0 0 0 0 0 0 0 0 0 0 0 0 0 0 0 0 0 0 0 0 0 0 0 0 0 0 0 0 0 0 0 0 0 0 0 0 0 0 0 0 0 0 0 0 2 2 3 3 3 3 3 3 4 4 4 4 4 4 4 4 4 4 4 4 4 4 4 4 4 4 5 5 5 5 5 5 5 5 5 5 5 5 5 5 5 5 5 5 5 5 5 5 5 5 5 5 5 5 5 5 5 5 5 5 5 5 5 5 5 5 5 5 6 6 6 6 6 6 6 6 6 6 6 6 6 6 6 6 6 6 6 6 6 6 6 6 6 6 6 6 6 6 6 6 6 6 6 6 6 6 6 6 6 6 6 6 6 6 6 6 6 6 6 6 6 6 6 6 6 6 6 6 6 6 6 6 7 7 7 7 7 7 7 7 7 7 7 7 7 7 7 7 7 7 7 7 7 7 7 7 7 7 7 7 7 7 7 7 7 7 7 7 7 7 7 7 7 7 8 8 8 8 8 8 8 8 8 8 8 8 8 8 8 8 8 8 8 8 8 8 8 8 8 8 8 8 8 8 8 8 8 8 8 8 9 9 9 9 9 9 9 9 9 9 9 9 9 9 9 9 9 9 9 9 9 9 9 9 9 9 9 9 9 9 9 9 9 9 9 10 10 10 10 10 10 10 10 10 10 10 10 10 10 10 10 10 10 10 10 10 10 10 10 10 10 10 10 10 10 10 10 10 10 10 10 10 10 11 11 11 11 11 11 11 11 11 11 11 11 11 11 11 11 11 11 11 11 11 11 11 11 11 11 11 11 11 11 11 11 11 11 11 11 11 11 11 11 11 12 12 12 12 12 12 12 12 12 12 12 12 12 12 12 12 12 12 12 12 12 12 12 12 12 12 12 12 12 12 12 12 12 12 12 12 12 12 13 13 13 13 13 13 13 13 13 13 13 13 13 13 13 13 13 13 13 13 13 13 13 13 13 13 13 13 13 13 13 13 13 13 13 13 13 13 13 13 13 14 14 14 14 14 14 14 14 14 14 14 14 14 14 14 14 14 14 14 14 14 14 14 14 14 14 14 14 14 14 15 15 15 15 15 15 15 15 15 15 15 15 15 15 15 15 15 15 15 16 16 16 16 16 16 16 16 16 16 16 16 16 16 16 16 16 16 17 17 17 17 17 17 17 17 17 17 17 17 17 17 17 17 17 17 17 17 17 17 17 18 18 18 18 18 18 18 18 18 18 18 18 18 18 18 18 18 18 18 18 18 19 19 19 19 19 19 19 19 19 19 19 19 19 19 19 19 19 20 20 20 20 20 20 20 20 20 20 20 20 20 20 20 20 20 20 20 20 20 20 21 21 21 21 21 21 21 21 21 21 21 21 21 21 21 21 22 22 22 22 22 22 22 22 22 22 22 22 22 22 22 22 22 22 23 23 23 23 23 23 23 23 23 23 23 23 23 23 23 23 23 23 23 23 23 23 23 23 23 23 23 23 23 23 24 24 24 24 24 24 24 24 24 24 24 24 24 24 24 24 25 25 25 25 25 25 25 25 25 25 25 25 25 25 25 25 25 25 25 25 25 25 25 26 26 26 26 26 26 26 26 26 26 26 26 27 27 27 27 27 27 27 27 27 27 28 28 28 28 28 28 28 28 28 28 28 28 28 28 28 28 28 28 28 28 29 29 29 29 29 29 29 29 29 29 29 29 29 29 29 29 29 29 30 30 30 30 30 30 30 30 30 30 30 30 30 30 30 30 30 30 31 31 31 31 31 31 31 31 31 31 31 31 31 31 31 31 31 32 32 32 32 32 32 32 32 32 32 32 33 33 33 33 33 33 33 33 33 33 33 33 33 33 33 34 34 34 34 34 34 35 35 35 35 35 35 35 35 35 35 35 35 35 35 35 35 35 35 35 35 35 35 35 36 36 36 36 36 36 36 36 36 36 36 36 36 36 36 36 36 37 37 37 37 37 37 37 37 37 37 38 38 38 38 38 38 38 38 38 38 39 39 39 39 39 39 39 39 40 40 40 40 40 40 40 40 40 40 40 40 40 40 40 41 41 41 41 41 41 41 41 41 41 41 42 42 42 42 42 42 42 42 42 42 42 42 43 43 43 43 43 43 43 43 43 43 43 44 44 44 44 44 44 44 44 44 44 44 44 44 44 45 45 45 45 45 45 45 45 45 45 45 45 45 45 45 45 46 46 46 46 46 46 46 46 46 46 46 46 46 46 46 46 46 46 46 46 46 46 47 47 47 47 47 47 47 47 47 47 47 47 47 47 47 47 47 47 47 47 47 47 48 48 48 48 48 48 48 48 48 48 48 48 48 48 48 48 48 48 48 48 48 48 48 48 48 48 48 48 49 49 49 49 49 49 49 49 49 49 49 49 49 49 49 49 49 49 49 49 49 49 49 49 49 49 49 49 49 49 49 49 50 50 50 50 50 50 50 50 50 50 50 50 50 50 50 50 50 50 50 50 50 50 50 50 50 50 50 50 50 50 50 50 50 50 50 50 50 50 50 50 50 50 50 51 51 51 51 51 51 51 51 51 51 51 51 51 51 51 51 51 51 51 51 51 51 51 51 51 51 51 51 51 51 51 51 52 52 52 52 52 52 52 52 52 52 52 52 52 52 52 52 52 52 52 52 52 52 52 52 52 52 52 52 52 52 52 52 52 52 52 53 53 53 53 53 53 53 53 53 53 53 53 53 53 53 53 53 53 53 53 53 53 53 53 54 54 54 54 54 54 54 54 54 54 54 54 54 54 54 54 54 54 54 54 54 54 54 54 54 54 54 54 55 55 55 55 55 55 55 55 55 55 55 55 55 55 55 55 55 55 55 55 55 55 55 55 55 55 55 56 56 56 56 56 56 56 56 57 57 57 57 57 57 57 57 57 58 58 58 58 59 59 59 59 59 59 59 59 59 60 60 60 60 60 60 60 60 60 60 61 61 61 61 61 61 61 61 62 62 62 62 62 62 62 62 63 63 63 63 63 63 64 64 64 64 65 65 65 65 65 65 65 65 65 65 66 66 66 66 66 67 67 67 67 67 68 68 68 69 69 69 69 69 71 71 71 71 71 72 72 72 73 73 74 75 75 75 77 77 79 79 79 80 81 81 81 82 86 86 86 87 87 87 88 90 92 92 93 95 95 97 97 98 98 98 98 100 100 100 100 100 101 101 101 101 101 101 101 102 102 103 103 104 104 105 105 106 106 107 108 108 109 125 127 160 172 186 197 197 213 214 249 261 261 263 281 282 297 312 318 337 339 373 418 464 573 598 631 726 743 798 806 845 891 925 962 985 1070
2 hits: 1466 cases, median 15; 0 0 0 0 0 0 0 0 0 0 0 0 0 0 0 0 0 0 0 0 0 0 0 0 0 0 0 0 0 0 0 0 0 0 0 0 0 0 0 0 0 0 0 0 0 0 0 0 0 0 0 0 0 0 0 0 0 0 0 0 0 0 0 0 0 0 0 0 0 0 0 0 0 0 0 0 0 0 0 0 0 0 0 0 0 0 0 0 0 0 0 0 0 0 0 0 0 0 0 0 0 0 0 0 0 0 0 0 0 0 0 0 0 0 0 0 0 0 0 0 0 0 0 0 0 0 0 0 0 0 0 0 0 0 0 0 0 0 0 0 0 0 0 0 0 0 0 0 0 0 0 0 0 0 0 0 0 0 0 0 0 0 0 0 0 0 0 0 0 0 0 0 0 0 0 0 0 0 0 0 0 0 0 0 0 0 0 0 0 0 0 0 0 0 0 0 0 0 0 0 0 0 0 0 0 0 0 0 0 0 0 0 0 0 0 0 0 0 0 0 0 0 0 0 0 0 0 0 0 0 0 0 0 0 0 0 0 0 0 0 0 0 0 0 0 0 0 0 0 0 0 0 0 0 0 0 0 0 0 0 0 0 0 0 0 0 0 0 0 0 0 0 0 0 0 0 0 0 0 0 0 0 0 0 0 0 0 0 0 0 0 0 0 0 0 0 0 0 0 0 0 0 0 0 0 0 0 0 0 0 0 0 0 0 0 0 0 0 0 0 0 0 0 0 0 0 0 0 0 0 0 0 0 0 0 0 0 0 0 0 0 0 0 0 0 0 0 0 0 0 0 0 0 0 0 0 0 0 0 0 0 0 0 0 0 0 0 0 0 0 0 0 0 0 0 0 0 0 0 0 0 0 0 0 0 0 0 0 0 2 3 3 3 3 3 3 3 3 3 4 4 4 4 4 4 4 4 4 5 5 5 5 5 5 5 5 5 5 5 5 5 5 5 5 5 5 5 5 5 5 5 5 5 5 5 5 5 5 5 5 5 5 5 6 6 6 6 6 6 6 6 6 6 6 6 6 6 6 6 6 6 6 6 6 6 6 6 6 6 6 6 6 6 6 6 6 6 6 6 6 6 6 6 6 6 6 6 7 7 7 7 7 7 7 7 7 7 7 7 7 7 7 7 7 7 7 7 7 7 7 7 7 7 7 7 7 7 7 7 8 8 8 8 8 8 8 8 8 8 8 8 8 8 8 8 8 8 8 8 8 8 8 8 8 8 8 8 8 8 8 8 8 9 9 9 9 9 9 9 9 9 9 9 9 9 9 9 9 9 9 9 9 9 9 9 9 9 9 9 10 10 10 10 10 10 10 10 10 10 10 10 10 10 10 10 10 10 10 10 10 10 10 10 10 10 10 10 11 11 11 11 11 11 11 11 11 11 11 11 11 11 11 11 11 11 11 11 11 11 11 12 12 12 12 12 12 12 12 12 12 12 12 12 12 12 12 12 12 12 12 12 12 12 12 12 12 12 12 12 12 12 12 12 12 13 13 13 13 13 13 13 13 13 13 13 13 13 13 13 13 13 13 13 13 13 13 13 13 13 13 13 13 14 14 14 14 14 14 14 14 14 14 14 14 14 14 14 14 14 14 14 14 14 14 14 14 15 15 15 15 15 15 15 15 15 15 15 15 15 15 15 15 15 15 15 15 15 15 15 15 15 15 15 15 15 15 15 15 15 15 15 15 15 15 15 15 16 16 16 16 16 16 16 16 16 16 16 16 16 16 16 16 16 16 16 16 16 16 16 16 16 16 16 16 16 16 16 16 16 16 16 16 16 16 16 16 16 16 16 16 17 17 17 17 17 17 17 17 17 17 17 17 17 17 17 17 17 17 17 17 17 17 17 18 18 18 18 18 18 18 18 18 18 18 18 18 18 18 18 18 18 18 18 18 18 18 18 18 18 18 18 18 18 19 19 19 19 19 19 19 19 19 19 19 19 19 19 19 19 19 19 20 20 20 20 20 20 20 20 20 20 20 20 20 20 20 20 21 21 21 21 21 21 21 21 21 21 21 21 21 21 21 21 21 21 21 21 21 21 21 21 21 21 21 22 22 22 22 22 22 22 22 22 22 22 22 22 22 22 22 22 22 22 22 22 22 22 22 22 22 22 22 22 22 22 22 22 22 22 22 22 22 22 23 23 23 23 23 23 23 23 23 23 23 23 23 23 23 23 23 23 23 23 23 23 23 23 23 23 23 23 23 23 23 23 23 23 23 23 23 23 23 23 23 23 23 23 23 23 23 24 24 24 24 24 24 24 24 24 24 24 24 24 24 24 24 24 24 24 24 24 24 24 24 24 24 24 24 24 24 24 24 24 24 24 24 24 24 24 24 25 25 25 25 25 25 25 25 25 25 25 25 25 25 25 25 25 25 25 25 25 25 25 25 25 25 25 25 25 25 25 25 25 25 25 25 25 25 25 25 25 25 25 25 25 25 25 25 25 25 25 25 25 25 25 25 25 25 25 25 25 25 25 25 25 25 25 25 25 25 25 25 26 26 26 26 26 26 26 26 26 26 26 26 26 26 26 26 26 26 26 26 26 26 26 26 26 26 26 26 26 26 26 26 26 26 26 26 26 26 26 26 26 26 26 27 27 27 27 27 27 27 27 27 27 27 27 27 27 27 27 27 27 27 27 27 27 27 27 27 27 27 27 27 27 27 27 27 27 27 27 27 27 27 27 27 27 27 27 28 28 28 28 28 28 28 28 28 28 28 28 28 28 28 28 28 28 28 28 28 28 28 28 28 28 28 28 28 28 28 28 28 28 28 29 29 29 29 29 29 29 29 29 29 29 29 29 29 29 29 29 29 29 29 29 29 29 29 29 29 29 30 30 30 30 30 30 30 30 30 30 30 30 30 30 30 30 30 30 30 30 30 30 30 30 31 31 31 31 31 31 31 31 31 31 31 31 31 31 31 32 32 32 32 32 33 33 33 33 33 33 33 33 33 33 34 34 34 34 34 34 34 34 34 35 35 35 35 35 35 35 35 35 35 35 36 36 36 36 37 37 37 37 37 37 39 39 39 39 39 39 39 40 40 40 40 40 41 42 43 43 43 43 44 44 44 44 45 45 46 46 46 46 47 47 47 47 47 47 48 48 48 48 48 49 49 50 50 50 50 51 51 51 52 52 52 53 53 53 53 53 53 53 54 54 54 54 54 55 55 55 55 56 56 57 57 57 57 58 58 58 59 59 59 60 62 62 64 65 66 66 69 72 73 75 76 77 79 82 90 91 92 93 93 95 96 96 98 99 101 101 102 102 103 105 106 108 110 135 148 151 165 456 543 837 855
3 hits: 935 cases, median 7; 0 0 0 0 0 0 0 0 0 0 0 0 0 0 0 0 0 0 0 0 0 0 0 0 0 0 0 0 0 0 0 0 0 0 0 0 0 0 0 0 0 0 0 0 0 0 0 0 0 0 0 0 0 0 0 0 0 0 0 0 0 0 0 0 0 0 0 0 0 0 0 0 0 0 0 0 0 0 0 0 0 0 0 0 0 0 0 0 0 0 0 0 0 0 0 0 0 0 0 0 0 0 0 0 0 0 0 0 0 0 0 0 0 0 0 0 0 0 0 0 0 0 0 0 0 0 0 0 0 0 0 0 0 0 0 0 0 0 0 0 0 0 0 0 0 0 0 0 0 0 0 0 0 0 0 0 0 0 0 0 0 0 0 0 0 0 0 0 0 0 0 0 0 0 0 0 0 0 0 0 0 0 0 0 0 0 0 0 0 0 0 0 0 0 0 0 0 0 0 0 0 0 0 0 0 0 0 0 0 0 0 0 0 0 0 0 0 0 0 0 0 0 0 0 0 0 0 0 0 0 0 0 0 0 0 0 0 0 0 0 0 0 0 0 0 0 0 0 0 0 0 0 0 0 0 0 0 0 0 0 0 0 0 0 0 0 0 0 0 0 0 0 0 0 0 0 0 0 0 0 0 0 0 0 0 0 0 0 0 0 0 0 0 0 0 0 0 0 0 0 0 0 0 0 0 0 0 0 0 0 0 0 0 0 0 0 0 0 0 0 0 0 0 0 0 0 0 0 0 0 0 0 0 0 0 0 0 0 0 0 0 0 0 0 0 0 0 0 0 0 0 0 0 0 0 3 3 3 4 4 4 4 4 4 4 4 4 5 5 5 5 5 5 5 5 5 5 5 5 5 5 5 5 5 5 5 5 5 5 5 5 5 5 5 5 5 5 5 5 5 5 6 6 6 6 6 6 6 6 6 6 6 6 6 6 6 6 6 6 6 6 6 6 6 6 6 6 6 6 6 6 6 6 6 6 6 6 7 7 7 7 7 7 7 7 7 7 7 7 7 7 7 7 7 7 7 7 7 7 7 7 7 7 7 7 7 7 7 7 7 7 7 7 7 7 8 8 8 8 8 8 8 8 8 8 8 8 8 8 8 8 8 8 8 8 8 8 8 8 8 8 8 8 8 8 8 8 8 8 8 8 8 8 8 9 9 9 9 9 9 9 9 9 9 9 9 9 9 9 9 9 9 9 9 9 9 9 9 9 9 9 9 9 9 9 9 9 9 9 9 9 9 9 9 9 10 10 10 10 10 10 10 10 10 10 10 10 10 10 10 10 10 10 10 10 10 10 10 10 10 10 10 10 10 10 10 10 10 10 10 10 10 10 10 10 10 10 10 10 11 11 11 11 11 11 11 11 11 11 11 11 11 11 11 11 11 11 11 11 11 11 11 11 11 11 11 11 11 11 11 11 11 11 11 11 11 11 11 11 11 11 11 11 11 11 11 11 11 11 11 12 12 12 12 12 12 12 12 12 12 12 12 12 12 12 12 12 12 12 12 12 12 12 12 12 12 12 12 12 12 12 12 12 12 12 12 12 12 12 12 12 12 12 12 12 12 13 13 13 13 13 13 13 13 13 13 13 13 13 13 13 13 13 13 13 13 13 13 13 13 13 13 13 13 13 13 14 14 14 14 14 14 14 14 14 14 14 14 14 14 14 14 14 14 14 14 14 14 14 14 14 14 14 14 14 14 14 14 15 15 15 15 15 15 15 15 15 15 15 15 15 15 15 15 15 15 15 15 15 15 15 15 16 16 16 16 16 16 16 16 16 16 16 16 16 16 16 16 16 17 17 17 17 17 17 17 17 17 17 17 17 17 17 17 17 18 18 18 18 18 18 18 18 18 18 19 19 19 19 19 20 20 20 20 20 20 20 21 21 21 21 21 21 21 21 22 22 23 23 23 23 23 23 23 23 23 24 24 24 24 24 25 25 25 25 25 25 25 26 26 26 26 26 27 27 28 28 28 28 28 28 29 29 29 30 30 30 30 32 32 33 33 33 33 34 34 35 35 35 36 36 36 37 38 39 42 42 42 45 46 46 47 56 56 57 63 71 73 74 81 93 96 96 96 100 103 104 104 106 106 106 107 117 723 831

=== how episodes ended (allied, observed) ===
window           9813 observed, 6444 angry
pill hit         7401 observed, 6247 angry
other base hit   2830 observed, 2092 angry

=== the edge: clearest slow readers at the offsets nearest a radius of 7 ===

(6,3) d 6.71, inside: observed 323, angry 317, calm with two or more rested gaps 3
  20030329.1~282f82 t355680 pill 15 base 12 offset (3,6) base hits 3 shooter p0 fires +48/p0 +778/p0 gaps 106,730 ended by pill hit
  20030329~0c6085 t238332 pill 15 base 12 offset (3,6) base hits 3 shooter p0 fires +48/p0 +778/p0 gaps 106,730 ended by pill hit
  20040325.2~8f09da t4294393 pill 0 base 4 offset (3,-6) base hits 1 shooter p0 fires +48/p0 +202/p0 gaps 105,154 ended by window

(7,0) d 7.00: observed 111, angry 61, calm with two or more rested gaps 16
  20040812.1~a51417 t1202775 pill 1 base 9 offset (7,0) base hits 3 shooter p4 fires +104/p4 +205/p4 +306/p4 +410/p4 +504/p4 +607/p4 +710/p4 +810/p4 gaps 101,101,104,94,103,103,100 ended by pill hit
  20020730.1 t216748 pill 2 base 8 offset (0,7) base hits 18 shooter p0 fires +36/p0 +139/p0 +239/p0 +345/p0 +444/p0 +545/p0 +645/p0 gaps 103,100,106,99,101,100 ended by window
  20010410~e0f9a1 t817298 pill 8 base 11 offset (-7,0) base hits 18 shooter p0 fires +36/p0 +132/p0 +233/p0 +339/p0 gaps 100,96,101,106 ended by window
  20030415~f9f54a t663100 pill 10 base 5 offset (0,-7) base hits 5 shooter p5 fires +157/p5 +258/p5 +356/p5 +463/p5 +554/p5 gaps 101,98,107,91 ended by window

(5,5) d 7.07: observed 84, angry 45, calm with two or more rested gaps 11
  20020202~910e86 t651172 pill 15 base 4 offset (-5,-5) base hits 6 shooter p3 fires +71/p1 +179/p1 +273/p1 +386/p1 +482/p1 gaps 94,108,94,113,96 ended by window
  20020209~1a1380 t1043770 pill 11 base 3 offset (5,5) base hits 3 shooter p2 fires +11/p2 +100/p2 +194/p2 +290/p2 +691/p1 +797/p1 +898/p1 gaps 94,89,94,96,106,101 ended by window
  20040729.2~4fc426 t30275380 pill 9 base 3 offset (5,5) base hits 2 shooter p0 fires +12/p0 +205/p1 +306/p1 +407/p1 +507/p1 gaps 102,101,101,100 ended by pill hit
  20021108.1~89a060 t5011292 pill 7 base 14 offset (5,5) base hits 2 shooter p2 fires +481/p2 +579/p2 +678/p2 +777/p2 gaps 98,99,99 ended by window

(7,1) d 7.07: observed 256, angry 157, calm with two or more rested gaps 44
  20050202.2~566f58 t25835223 pill 12 base 5 offset (-1,-7) base hits 3 shooter p1 fires +194/p1 +296/p1 +397/p1 +497/p1 +597/p1 +698/p1 +799/p1 +934/p1 gaps 241,102,101,100,100,101,101,135 ended by window
  20010901~82f006 t1165209 pill 2 base 13 offset (-1,-7) base hits 1 shooter p0 fires +139/p0 +244/p0 +336/p0 +439/p0 +541/p0 +642/p0 +756/p0 +846/p0 +947/p0 gaps 105,92,103,102,101,114,90,101 ended by window
  20010129~f71b60 t364484 pill 0 base 7 offset (7,1) base hits 7 shooter p0 fires +141/p0 +241/p0 +349/p0 +444/p0 +546/p0 +651/p0 +752/p0 gaps 100,108,95,102,105,101 ended by window
  20030401~caa310 t749933 pill 3 base 6 offset (1,7) base hits 13 shooter p1 fires +59/p1 +162/p1 +263/p1 +364/p1 +464/p1 gaps 104,103,101,101,100 ended by window

(6,4) d 7.21: observed 168, angry 104, calm with two or more rested gaps 29
  20020923~4fac3d t80705 pill 5 base 4 offset (6,4) base hits 14 shooter p3 fires +65/p3 +162/p3 +269/p3 +368/p3 +466/p3 gaps 99,97,107,99,98 ended by other base hit
  20040805.1~7775b2 t61021380 pill 1 base 15 offset (-6,-4) base hits 4 shooter p0 fires +442/p0 +545/p0 +646/p0 +753/p0 +847/p0 gaps 103,101,107,94 ended by pill hit
  20050311.4~ec4128 t128427 pill 8 base 13 offset (6,-4) base hits 4 shooter p1 fires +98/p1 +199/p1 +298/p1 +398/p1 +500/p1 gaps 101,99,100,102 ended by pill hit
  20030620.1~4d07d5 t8619342 pill 3 base 7 offset (6,-4) base hits 2 shooter p2 fires +75/p2 +178/p2 +279/p2 +594/p2 +695/p2 gaps 103,101,315,101 ended by window
